CHIP    = 1 
CRPIX1  = -76.0081 / 9 0
CRPIX2  = -77.8279 / 9 0
CD1_1   = 4.43294e-05 / 9 2.89636e-09
CD1_2   = 3.09697e-07 / 9 6.51943e-09
CD2_1   = 3.46375e-07 / 9 6.05904e-09
CD2_2   = -4.40715e-05 / 9 1.00211e-08
A_ORDER = 3  
A_0_2   = -1.91549e-07 / 9 1.09361e-10
A_0_3   = 1.035e-10 / 9 7.82446e-14
A_1_1   = -1.06575e-07 / 9 1.29579e-10
A_1_2   = 5.12363e-10 / 9 2.4854e-13
A_2_0   = 1.87406e-07 / 9 3.85298e-11
A_2_1   = 1.70826e-10 / 9 1.30598e-13
A_3_0   = 4.90503e-10 / 9 6.16333e-14
B_ORDER = 3  
B_0_2   = 1.97207e-07 / 9 6.97526e-11
B_0_3   = 4.18155e-10 / 9 1.87417e-13
B_1_1   = -2.18166e-07 / 9 1.08459e-10
B_1_2   = -8.00103e-11 / 9 1.0805e-13
B_2_0   = -1.50648e-07 / 9 6.68315e-11
B_2_1   = 4.94644e-10 / 9 1.06279e-13
B_3_0   = 6.37418e-11 / 9 2.52934e-14
END     
CHIP    = 2 
CRPIX1  = -69.941 / 9 nan
CRPIX2  = 2131.54 / 9 nan
CD1_1   = 4.43298e-05 / 9 2.89636e-09
CD1_2   = 2.47801e-07 / 9 6.51893e-09
CD2_1   = 2.84839e-07 / 9 6.06109e-09
CD2_2   = -4.4072e-05 / 9 1.00142e-08
A_ORDER = 3  
A_0_2   = -1.71711e-07 / 9 9.12527e-11
A_0_3   = -6.36207e-11 / 9 4.67335e-14
A_1_1   = 5.26318e-07 / 9 2.2143e-10
A_1_2   = 4.41663e-10 / 9 2.09755e-13
A_2_0   = 3.55076e-07 / 9 6.39469e-11
A_2_1   = 9.57622e-11 / 9 1.04136e-13
A_3_0   = 4.24531e-10 / 9 5.31457e-14
B_ORDER = 3  
B_0_2   = 6.7864e-07 / 9 1.65126e-10
B_0_3   = 3.92855e-10 / 9 1.79713e-13
B_1_1   = -2.9411e-07 / 9 1.30562e-10
B_1_2   = -7.85502e-11 / 9 1.11784e-13
B_2_0   = -4.46296e-08 / 9 8.71185e-11
B_2_1   = 5.11931e-10 / 9 9.73863e-14
B_3_0   = 5.56817e-11 / 9 2.25237e-14
END     
CHIP    = 3 
CRPIX1  = 2120.89 / 9 0
CRPIX2  = 2125.38 / 9 nan
CD1_1   = 4.433e-05 / 9 2.89346e-09
CD1_2   = 2.09115e-07 / 9 6.51862e-09
CD2_1   = 2.46379e-07 / 9 6.06216e-09
CD2_2   = -4.40722e-05 / 9 1.00142e-08
A_ORDER = 3  
A_0_2   = -1.3044e-07 / 9 6.92817e-11
A_0_3   = -5.44825e-11 / 9 3.99447e-14
A_1_1   = 4.41509e-08 / 9 1.78293e-10
A_1_2   = 3.78063e-10 / 9 1.7213e-13
A_2_0   = 7.64504e-07 / 9 4.88591e-11
A_2_1   = 2.64941e-11 / 9 1.29511e-13
A_3_0   = 5.33595e-10 / 9 6.84248e-14
B_ORDER = 3  
B_0_2   = 1.58171e-07 / 9 7.6516e-11
B_0_3   = 3.42243e-10 / 9 1.56748e-13
B_1_1   = 4.93248e-07 / 9 4.57289e-11
B_1_2   = -1.07468e-11 / 9 1.02292e-13
B_2_0   = -3.39433e-08 / 9 3.65019e-11
B_2_1   = 4.5846e-10 / 9 6.3685e-14
B_3_0   = 1.20324e-11 / 9 1.24011e-14
END     
CHIP    = 4 
CRPIX1  = 2125.23 / 9 0
CRPIX2  = -83.9616 / 9 1.90735e-06
CD1_1   = 4.43302e-05 / 9 2.86318e-09
CD1_2   = 1.7043e-07 / 9 6.51806e-09
CD2_1   = 2.07918e-07 / 9 6.06352e-09
CD2_2   = -4.40724e-05 / 9 1.00142e-08
A_ORDER = 3  
A_0_2   = -3.46339e-08 / 9 4.9687e-11
A_0_3   = 6.77175e-11 / 9 5.15644e-14
A_1_1   = -2.25106e-07 / 9 1.67866e-10
A_1_2   = 4.81751e-10 / 9 2.2509e-13
A_2_0   = 6.31869e-07 / 9 6.87515e-11
A_2_1   = 8.06502e-12 / 9 1.42588e-13
A_3_0   = 5.63178e-10 / 9 7.31606e-14
B_ORDER = 3  
B_0_2   = 8.36904e-08 / 9 3.34005e-11
B_0_3   = 4.09175e-10 / 9 1.84004e-13
B_1_1   = 1.89795e-07 / 9 7.77357e-11
B_1_2   = -8.39693e-11 / 9 9.5147e-14
B_2_0   = -1.16301e-07 / 9 6.46718e-11
B_2_1   = 4.27207e-10 / 9 6.88123e-14
B_3_0   = 4.62171e-12 / 9 1.92299e-14
END     
