CHIP    = 1 
CRPIX1  = -75.9967 / 9 nan
CRPIX2  = -77.8441 / 9 nan
CD1_1   = 4.42777e-05 / 9 4.07216e-09
CD1_2   = 3.12519e-07 / 9 2.69168e-09
CD2_1   = 3.42003e-07 / 9 3.86665e-09
CD2_2   = -4.40127e-05 / 9 3.29863e-09
A_ORDER = 3  
A_0_2   = -1.30521e-07 / 9 2.77133e-11
A_0_3   = 6.15506e-11 / 9 1.66101e-14
A_1_1   = 1.73609e-08 / 9 6.62935e-11
A_1_2   = 2.92605e-10 / 9 4.02394e-14
A_2_0   = 3.70024e-07 / 9 3.42089e-11
A_2_1   = 7.89163e-11 / 9 4.49558e-14
A_3_0   = 3.14209e-10 / 9 5.6627e-14
B_ORDER = 3  
B_0_2   = 2.75346e-07 / 9 2.68498e-11
B_0_3   = 3.16295e-10 / 9 4.93463e-14
B_1_1   = -1.55715e-07 / 9 5.93485e-11
B_1_2   = -7.00808e-11 / 9 6.60476e-14
B_2_0   = -1.17042e-07 / 9 4.76875e-11
B_2_1   = 4.23873e-10 / 9 8.73682e-14
B_3_0   = 4.12682e-11 / 9 1.38106e-14
END     
CHIP    = 2 
CRPIX1  = -69.9291 / 9 9.53674e-07
CRPIX2  = 2131.52 / 9 0
CD1_1   = 4.42781e-05 / 9 4.07216e-09
CD1_2   = 2.50694e-07 / 9 2.6918e-09
CD2_1   = 2.80549e-07 / 9 3.86558e-09
CD2_2   = -4.40131e-05 / 9 3.28261e-09
A_ORDER = 3  
A_0_2   = -1.93561e-07 / 9 3.75411e-11
A_0_3   = -7.09588e-11 / 9 1.9312e-14
A_1_1   = 4.94654e-07 / 9 9.69181e-11
A_1_2   = 3.40865e-10 / 9 5.73219e-14
A_2_0   = 4.98232e-07 / 9 5.02419e-11
A_2_1   = 7.15097e-11 / 9 5.18292e-14
A_3_0   = 2.57309e-10 / 9 4.6488e-14
B_ORDER = 3  
B_0_2   = 5.45125e-07 / 9 4.92412e-11
B_0_3   = 3.04551e-10 / 9 4.49562e-14
B_1_1   = -2.58985e-07 / 9 6.70447e-11
B_1_2   = -2.00705e-11 / 9 5.90854e-14
B_2_0   = -6.42756e-08 / 9 6.47758e-11
B_2_1   = 4.3289e-10 / 9 8.43458e-14
B_3_0   = 5.23178e-11 / 9 1.91937e-14
END     
CHIP    = 3 
CRPIX1  = 2120.91 / 9 0
CRPIX2  = 2125.36 / 9 0
CD1_1   = 4.42783e-05 / 9 4.09118e-09
CD1_2   = 2.12054e-07 / 9 2.69201e-09
CD2_1   = 2.4214e-07 / 9 3.86509e-09
CD2_2   = -4.40133e-05 / 9 3.28261e-09
A_ORDER = 3  
A_0_2   = -8.86814e-08 / 9 1.76937e-11
A_0_3   = -5.37149e-11 / 9 1.5521e-14
A_1_1   = 1.28597e-07 / 9 6.91602e-11
A_1_2   = 3.40232e-10 / 9 5.48169e-14
A_2_0   = 7.17438e-07 / 9 6.32475e-11
A_2_1   = 5.0174e-11 / 9 6.5639e-14
A_3_0   = 4.62364e-10 / 9 8.42272e-14
B_ORDER = 3  
B_0_2   = 1.04601e-07 / 9 2.14136e-11
B_0_3   = 2.73742e-10 / 9 4.07734e-14
B_1_1   = 3.98492e-07 / 9 3.60863e-11
B_1_2   = -3.21593e-11 / 9 5.08114e-14
B_2_0   = -4.1709e-08 / 9 2.74549e-11
B_2_1   = 3.66445e-10 / 9 7.17699e-14
B_3_0   = 1.38072e-12 / 9 8.52306e-15
END     
CHIP    = 4 
CRPIX1  = 2125.25 / 9 0
CRPIX2  = -83.9766 / 9 nan
CD1_1   = 4.42785e-05 / 9 4.09736e-09
CD1_2   = 1.73414e-07 / 9 2.69219e-09
CD2_1   = 2.03731e-07 / 9 3.8645e-09
CD2_2   = -4.40135e-05 / 9 3.27508e-09
A_ORDER = 3  
A_0_2   = -1.46794e-07 / 9 3.33215e-11
A_0_3   = 6.91802e-11 / 9 1.8535e-14
A_1_1   = -2.61958e-07 / 9 9.75456e-11
A_1_2   = 3.13451e-10 / 9 4.7296e-14
A_2_0   = 7.11619e-07 / 9 7.77595e-11
A_2_1   = -3.35905e-11 / 9 7.55684e-14
A_3_0   = 5.19626e-10 / 9 9.70904e-14
B_ORDER = 3  
B_0_2   = 9.77357e-08 / 9 1.18544e-11
B_0_3   = 3.29291e-10 / 9 5.11145e-14
B_1_1   = 1.11268e-07 / 9 4.7651e-11
B_1_2   = -4.19201e-11 / 9 6.17273e-14
B_2_0   = -1.45285e-07 / 9 5.52009e-11
B_2_1   = 3.55658e-10 / 9 6.75261e-14
B_3_0   = -1.05888e-11 / 9 1.38924e-14
END     
