CHIP    = 1 
CRPIX1  = -75.663 / 9 0
CRPIX2  = -78.0482 / 9 9.53674e-07
CD1_1   = 4.4519e-05 / 9 2.24598e-09
CD1_2   = 3.00938e-07 / 9 2.7597e-09
CD2_1   = 3.47663e-07 / 9 2.14407e-09
CD2_2   = -4.42441e-05 / 9 3.25952e-09
A_ORDER = 3  
A_0_2   = 3.2316e-07 / 9 5.66157e-11
A_0_3   = -8.50158e-11 / 9 1.99716e-14
A_1_1   = -3.12471e-07 / 9 5.65351e-11
A_1_2   = 5.99288e-10 / 9 9.32513e-14
A_2_0   = 3.72281e-07 / 9 6.40176e-11
A_2_1   = 1.81336e-10 / 9 4.85267e-14
A_3_0   = 3.14428e-10 / 9 2.85034e-14
B_ORDER = 3  
B_0_2   = 8.97609e-09 / 9 1.91185e-11
B_0_3   = 6.08512e-10 / 9 9.17849e-14
B_1_1   = -4.10617e-07 / 9 1.05607e-10
B_1_2   = 1.906e-10 / 9 6.86553e-14
B_2_0   = -6.60121e-07 / 9 8.95943e-11
B_2_1   = 6.45968e-10 / 9 9.23854e-14
B_3_0   = 2.35876e-10 / 9 4.16496e-14
END     
CHIP    = 2 
CRPIX1  = -69.596 / 9 0
CRPIX2  = 2131.31 / 9 3.05176e-05
CD1_1   = 4.45194e-05 / 9 2.25722e-09
CD1_2   = 2.38776e-07 / 9 2.75816e-09
CD2_1   = 2.85886e-07 / 9 2.14388e-09
CD2_2   = -4.42446e-05 / 9 3.24463e-09
A_ORDER = 3  
A_0_2   = 2.74323e-07 / 9 4.59205e-11
A_0_3   = 1.51815e-10 / 9 3.56873e-14
A_1_1   = 8.25207e-07 / 9 9.174e-11
A_1_2   = 5.01629e-10 / 9 7.57906e-14
A_2_0   = 1.54695e-07 / 9 3.28491e-11
A_2_1   = -4.77676e-11 / 9 3.90142e-14
A_3_0   = 3.64857e-10 / 9 3.3521e-14
B_ORDER = 3  
B_0_2   = 9.83341e-07 / 9 7.77271e-11
B_0_3   = 5.39436e-10 / 9 7.8214e-14
B_1_1   = -8.50359e-07 / 9 9.85348e-11
B_1_2   = -1.76518e-10 / 9 6.75311e-14
B_2_0   = -1.84148e-07 / 9 4.98348e-11
B_2_1   = 7.74654e-10 / 9 1.06758e-13
B_3_0   = 1.66174e-10 / 9 3.15915e-14
END     
CHIP    = 3 
CRPIX1  = 2121.24 / 9 nan
CRPIX2  = 2125.15 / 9 0
CD1_1   = 4.45196e-05 / 9 2.27498e-09
CD1_2   = 1.99926e-07 / 9 2.7569e-09
CD2_1   = 2.47275e-07 / 9 2.14361e-09
CD2_2   = -4.42448e-05 / 9 3.24037e-09
A_ORDER = 3  
A_0_2   = 4.07245e-07 / 9 6.82414e-11
A_0_3   = 1.49801e-10 / 9 3.51824e-14
A_1_1   = 2.41251e-07 / 9 1.1075e-10
A_1_2   = 4.45455e-10 / 9 6.78841e-14
A_2_0   = 1.16268e-06 / 9 7.23844e-11
A_2_1   = -3.89631e-11 / 9 7.87437e-14
A_3_0   = 7.40231e-10 / 9 8.24783e-14
B_ORDER = 3  
B_0_2   = 4.7107e-07 / 9 5.06579e-11
B_0_3   = 5.07405e-10 / 9 7.37696e-14
B_1_1   = 2.65595e-07 / 9 7.55559e-11
B_1_2   = -1.67924e-10 / 9 5.02217e-14
B_2_0   = -4.44047e-07 / 9 6.64281e-11
B_2_1   = 5.78287e-10 / 9 5.12903e-14
B_3_0   = -1.70603e-10 / 9 2.98184e-14
END     
CHIP    = 4 
CRPIX1  = 2125.58 / 9 0
CRPIX2  = -84.1805 / 9 9.53674e-07
CD1_1   = 4.45198e-05 / 9 2.2726e-09
CD1_2   = 1.61075e-07 / 9 2.75604e-09
CD2_1   = 2.08664e-07 / 9 2.14336e-09
CD2_2   = -4.4245e-05 / 9 3.24037e-09
A_ORDER = 3  
A_0_2   = 4.45548e-07 / 9 7.29649e-11
A_0_3   = -9.60768e-11 / 9 2.51221e-14
A_1_1   = -3.16165e-07 / 9 8.005e-11
A_1_2   = 5.24654e-10 / 9 7.62221e-14
A_2_0   = 1.02117e-06 / 9 9.60453e-11
A_2_1   = -9.53391e-11 / 9 8.05139e-14
A_3_0   = 7.75615e-10 / 9 8.99392e-14
B_ORDER = 3  
B_0_2   = -3.75645e-07 / 9 4.64721e-11
B_0_3   = 6.8626e-10 / 9 1.0154e-13
B_1_1   = 3.831e-07 / 9 7.36555e-11
B_1_2   = 6.94245e-11 / 9 6.24321e-14
B_2_0   = -7.63904e-07 / 9 1.01553e-10
B_2_1   = 5.80592e-10 / 9 5.50939e-14
B_3_0   = -2.38743e-10 / 9 4.19535e-14
END     
