CHIP    = 1 
CRPIX1  = -74.7773 / 18 0
CRPIX2  = -73.0914 / 18 nan
CD1_1   = 4.42017e-05 / 18 8.41891e-09
CD1_2   = 3.52169e-07 / 18 1.7576e-08
CD2_1   = 3.61246e-07 / 18 9.63148e-09
CD2_2   = -4.41302e-05 / 18 1.4956e-08
A_ORDER = 3  
A_0_2   = 1.06098e-07 / 18 2.94364e-08
A_0_3   = 2.6146e-11 / 18 1.24673e-11
A_1_1   = 2.8211e-07 / 18 2.62632e-08
A_1_2   = 3.32287e-10 / 18 4.525e-12
A_2_0   = 1.71155e-07 / 18 1.27157e-08
A_2_1   = -4.4845e-11 / 18 3.70225e-11
A_3_0   = 3.55347e-10 / 18 2.28959e-11
B_ORDER = 3  
B_0_2   = 2.05534e-07 / 18 3.72078e-08
B_0_3   = 3.47356e-10 / 18 1.9288e-11
B_1_1   = -1.24835e-07 / 18 5.21113e-08
B_1_2   = 9.32185e-11 / 18 3.34479e-11
B_2_0   = 6.57773e-08 / 18 9.19735e-09
B_2_1   = 4.01335e-10 / 18 5.46224e-12
B_3_0   = -2.35126e-11 / 18 8.15265e-12
END     
CHIP    = 2 
CRPIX1  = -71.8695 / 18 9.53674e-07
CRPIX2  = 2125.32 / 18 4.31584e-05
CD1_1   = 4.42043e-05 / 18 8.45554e-09
CD1_2   = 1.489e-07 / 18 1.75865e-08
CD2_1   = 1.64042e-07 / 18 9.639e-09
CD2_2   = -4.41468e-05 / 18 1.49349e-08
A_ORDER = 3  
A_0_2   = -4.06607e-08 / 18 2.94277e-08
A_0_3   = 6.54407e-11 / 18 1.24161e-11
A_1_1   = 6.12523e-07 / 18 2.65945e-08
A_1_2   = 3.88102e-10 / 18 4.59284e-12
A_2_0   = -2.97651e-08 / 18 1.2741e-08
A_2_1   = -5.89569e-11 / 18 3.70658e-11
A_3_0   = 3.90358e-10 / 18 2.27972e-11
B_ORDER = 3  
B_0_2   = 4.19117e-07 / 18 3.72785e-08
B_0_3   = 3.92117e-10 / 18 1.92825e-11
B_1_1   = -5.74072e-08 / 18 5.1849e-08
B_1_2   = 1.84929e-11 / 18 3.34621e-11
B_2_0   = 2.15748e-08 / 18 9.30203e-09
B_2_1   = 3.42846e-10 / 18 5.6131e-12
B_3_0   = 9.37314e-12 / 18 8.21563e-12
END     
CHIP    = 3 
CRPIX1  = 2116.63 / 18 0
CRPIX2  = 2125.06 / 18 3.05176e-05
CD1_1   = 4.4205e-05 / 18 8.46399e-09
CD1_2   = 4.22742e-08 / 18 1.75888e-08
CD2_1   = 4.54538e-08 / 18 9.64201e-09
CD2_2   = -4.41423e-05 / 18 1.48959e-08
A_ORDER = 3  
A_0_2   = 1.08948e-07 / 18 2.93972e-08
A_0_3   = 1.01045e-10 / 18 1.23777e-11
A_1_1   = 4.99612e-07 / 18 2.67074e-08
A_1_2   = 3.79722e-10 / 18 4.64556e-12
A_2_0   = 1.50814e-07 / 18 1.27756e-08
A_2_1   = 1.71418e-11 / 18 3.71464e-11
A_3_0   = 3.47481e-10 / 18 2.27277e-11
B_ORDER = 3  
B_0_2   = 2.41175e-07 / 18 3.73831e-08
B_0_3   = 3.48852e-10 / 18 1.9282e-11
B_1_1   = 1.02785e-07 / 18 5.16178e-08
B_1_2   = -6.18776e-11 / 18 3.34986e-11
B_2_0   = 1.76448e-07 / 18 9.24172e-09
B_2_1   = 3.46626e-10 / 18 5.73566e-12
B_3_0   = 3.1266e-11 / 18 8.27136e-12
END     
CHIP    = 4 
CRPIX1  = 2125.13 / 18 3.05176e-05
CRPIX2  = -77.1024 / 18 nan
CD1_1   = 4.41935e-05 / 18 8.4728e-09
CD1_2   = 4.12829e-08 / 18 1.7575e-08
CD2_1   = 5.72156e-08 / 18 9.65815e-09
CD2_2   = -4.41283e-05 / 18 1.49053e-08
A_ORDER = 3  
A_0_2   = 6.90599e-08 / 18 2.93925e-08
A_0_3   = 5.20069e-11 / 18 1.23435e-11
A_1_1   = 1.77445e-07 / 18 2.66845e-08
A_1_2   = 3.37639e-10 / 18 4.65874e-12
A_2_0   = 2.71918e-08 / 18 1.2715e-08
A_2_1   = 1.82121e-11 / 18 3.72239e-11
A_3_0   = 3.44359e-10 / 18 2.27145e-11
B_ORDER = 3  
B_0_2   = 3.11254e-07 / 18 3.74165e-08
B_0_3   = 3.03918e-10 / 18 1.92692e-11
B_1_1   = 5.7996e-08 / 18 5.17162e-08
B_1_2   = 5.84681e-11 / 18 3.35908e-11
B_2_0   = -3.17707e-08 / 18 9.3955e-09
B_2_1   = 4.07057e-10 / 18 5.76829e-12
B_3_0   = -4.97897e-12 / 18 8.29171e-12
END     
