CHIP    = 1 
CRPIX1  = -75.9609 / 27 nan
CRPIX2  = -75.801 / 27 2.13248e-06
CD1_1   = 4.43441e-05 / 27 8.81844e-09
CD1_2   = 3.3018e-07 / 27 2.01033e-08
CD2_1   = 3.37453e-07 / 27 1.29867e-08
CD2_2   = -4.4102e-05 / 27 1.60668e-08
A_ORDER = 3  
A_0_2   = 1.16726e-07 / 27 2.92455e-08
A_0_3   = 3.25335e-11 / 27 1.024e-11
A_1_1   = 3.28024e-07 / 27 3.36823e-08
A_1_2   = 4.30724e-10 / 27 5.5303e-12
A_2_0   = 1.65924e-07 / 27 1.74898e-08
A_2_1   = -5.55384e-11 / 27 3.43385e-11
A_3_0   = 4.79706e-10 / 27 2.25482e-11
B_ORDER = 3  
B_0_2   = 1.96478e-07 / 27 3.34911e-08
B_0_3   = 4.62141e-10 / 27 2.01956e-11
B_1_1   = -1.1616e-07 / 27 5.00204e-08
B_1_2   = 1.30679e-10 / 27 3.40148e-11
B_2_0   = 3.4125e-08 / 27 1.31012e-08
B_2_1   = 5.1968e-10 / 27 7.40422e-12
B_3_0   = -1.78229e-11 / 27 7.35758e-12
END     
CHIP    = 2 
CRPIX1  = -70.7579 / 27 nan
CRPIX2  = 2127.54 / 27 nan
CD1_1   = 4.43478e-05 / 27 8.84456e-09
CD1_2   = 1.24758e-07 / 27 2.01113e-08
CD2_1   = 1.40749e-07 / 27 1.29909e-08
CD2_2   = -4.41192e-05 / 27 1.60409e-08
A_ORDER = 3  
A_0_2   = -5.53149e-08 / 27 2.92367e-08
A_0_3   = 5.11535e-11 / 27 1.01718e-11
A_1_1   = 6.6536e-07 / 27 3.39355e-08
A_1_2   = 4.9175e-10 / 27 5.61679e-12
A_2_0   = -1.0023e-08 / 27 1.75604e-08
A_2_1   = -7.2091e-11 / 27 3.43745e-11
A_3_0   = 5.05037e-10 / 27 2.24639e-11
B_ORDER = 3  
B_0_2   = 5.72232e-07 / 27 3.35311e-08
B_0_3   = 5.01226e-10 / 27 2.01665e-11
B_1_1   = -7.41088e-08 / 27 4.97869e-08
B_1_2   = 8.49e-12 / 27 3.40076e-11
B_2_0   = 5.22548e-08 / 27 1.31435e-08
B_2_1   = 4.517e-10 / 27 7.6009e-12
B_3_0   = 1.29916e-12 / 27 7.42004e-12
END     
CHIP    = 3 
CRPIX1  = 2117.76 / 27 nan
CRPIX2  = 2127.35 / 27 4.31584e-05
CD1_1   = 4.43461e-05 / 27 8.84984e-09
CD1_2   = 1.51653e-08 / 27 2.01119e-08
CD2_1   = 1.67381e-08 / 27 1.29917e-08
CD2_2   = -4.41124e-05 / 27 1.60241e-08
A_ORDER = 3  
A_0_2   = 1.52405e-07 / 27 2.92529e-08
A_0_3   = 1.06464e-10 / 27 1.01317e-11
A_1_1   = 5.62159e-07 / 27 3.40736e-08
A_1_2   = 4.59212e-10 / 27 5.68575e-12
A_2_0   = 2.62375e-07 / 27 1.76201e-08
A_2_1   = 3.26702e-11 / 27 3.44511e-11
A_3_0   = 4.3649e-10 / 27 2.23889e-11
B_ORDER = 3  
B_0_2   = 3.04463e-07 / 27 3.36407e-08
B_0_3   = 4.29227e-10 / 27 2.0173e-11
B_1_1   = 1.9393e-07 / 27 4.95118e-08
B_1_2   = -3.07714e-11 / 27 3.40549e-11
B_2_0   = 1.613e-07 / 27 1.30822e-08
B_2_1   = 4.44692e-10 / 27 7.75871e-12
B_3_0   = 1.92739e-11 / 27 7.48236e-12
END     
CHIP    = 4 
CRPIX1  = 2123.97 / 27 nan
CRPIX2  = -79.7683 / 27 0
CD1_1   = 4.43357e-05 / 27 8.8574e-09
CD1_2   = 1.66066e-08 / 27 2.01033e-08
CD2_1   = 3.09724e-08 / 27 1.30037e-08
CD2_2   = -4.41056e-05 / 27 1.60153e-08
A_ORDER = 3  
A_0_2   = 1.30068e-07 / 27 2.92435e-08
A_0_3   = 3.58963e-11 / 27 1.01054e-11
A_1_1   = 1.84717e-07 / 27 3.40327e-08
A_1_2   = 4.26062e-10 / 27 5.70528e-12
A_2_0   = 2.06679e-07 / 27 1.75722e-08
A_2_1   = -2.87524e-11 / 27 3.45164e-11
A_3_0   = 4.50952e-10 / 27 2.23857e-11
B_ORDER = 3  
B_0_2   = 2.42632e-07 / 27 3.36701e-08
B_0_3   = 4.26519e-10 / 27 2.01479e-11
B_1_1   = 2.13358e-07 / 27 4.95775e-08
B_1_2   = 2.88036e-11 / 27 3.41389e-11
B_2_0   = -7.73127e-09 / 27 1.32094e-08
B_2_1   = 5.1119e-10 / 27 7.79547e-12
B_3_0   = -8.02278e-12 / 27 7.49332e-12
END     
