CHIP    = 1 
CRPIX1  = -73.9297 / 5 0
CRPIX2  = -71.1055 / 5 0
CD1_1   = 4.41379e-05 / 5 8.41009e-09
CD1_2   = 5.40152e-07 / 5 9.41615e-09
CD2_1   = 4.94268e-07 / 5 8.01054e-09
CD2_2   = -4.42233e-05 / 5 6.77684e-09
A_ORDER = 3  
A_0_2   = 1.41994e-07 / 5 2.73316e-08
A_0_3   = -6.7242e-11 / 5 1.99015e-11
A_1_1   = -5.08876e-07 / 5 4.51042e-08
A_1_2   = 4.36306e-10 / 5 2.57434e-11
A_2_0   = -2.42773e-07 / 5 8.06471e-08
A_2_1   = 2.86487e-10 / 5 1.24893e-11
A_3_0   = 3.69231e-10 / 5 2.93709e-11
B_ORDER = 3  
B_0_2   = 5.79899e-07 / 5 6.03618e-08
B_0_3   = 2.25448e-10 / 5 1.69919e-11
B_1_1   = -3.73329e-07 / 5 3.59873e-08
B_1_2   = 8.36091e-11 / 5 2.65986e-11
B_2_0   = -8.97208e-07 / 5 9.8761e-08
B_2_1   = 5.16307e-10 / 5 1.46533e-11
B_3_0   = 2.51533e-10 / 5 8.94401e-11
END     
CHIP    = 2 
CRPIX1  = -72.612 / 5 0
CRPIX2  = 2123.74 / 5 0
CD1_1   = 4.41453e-05 / 5 8.41869e-09
CD1_2   = 3.08368e-07 / 5 9.42845e-09
CD2_1   = 2.94723e-07 / 5 8.00183e-09
CD2_2   = -4.42047e-05 / 5 6.80365e-09
A_ORDER = 3  
A_0_2   = 7.11669e-08 / 5 2.74046e-08
A_0_3   = 4.0723e-11 / 5 1.98727e-11
A_1_1   = 3.87616e-07 / 5 4.5045e-08
A_1_2   = 3.05174e-10 / 5 2.57095e-11
A_2_0   = 2.61102e-07 / 5 8.0562e-08
A_2_1   = 3.88677e-11 / 5 1.25934e-11
A_3_0   = 2.27267e-10 / 5 2.89295e-11
B_ORDER = 3  
B_0_2   = 3.95306e-07 / 5 6.04143e-08
B_0_3   = 3.11104e-10 / 5 1.70303e-11
B_1_1   = -1.60084e-07 / 5 3.59252e-08
B_1_2   = -1.69945e-11 / 5 2.64775e-11
B_2_0   = -2.95941e-07 / 5 9.86573e-08
B_2_1   = 3.57093e-10 / 5 1.44952e-11
B_3_0   = 1.13266e-10 / 5 8.95819e-11
END     
CHIP    = 3 
CRPIX1  = 2115.91 / 5 0
CRPIX2  = 2123.45 / 5 0
CD1_1   = 4.41437e-05 / 5 8.42273e-09
CD1_2   = 1.97204e-07 / 5 9.43399e-09
CD2_1   = 1.90816e-07 / 5 7.99722e-09
CD2_2   = -4.42021e-05 / 5 6.8037e-09
A_ORDER = 3  
A_0_2   = 1.15323e-07 / 5 2.74419e-08
A_0_3   = 5.15041e-11 / 5 1.98737e-11
A_1_1   = -6.84018e-09 / 5 4.51194e-08
A_1_2   = 2.04621e-10 / 5 2.56832e-11
A_2_0   = 1.11677e-07 / 5 8.05378e-08
A_2_1   = -5.82281e-11 / 5 1.27241e-11
A_3_0   = 3.52833e-10 / 5 2.87338e-11
B_ORDER = 3  
B_0_2   = 3.35989e-07 / 5 6.0419e-08
B_0_3   = 3.19442e-10 / 5 1.70476e-11
B_1_1   = 5.34876e-08 / 5 3.60829e-08
B_1_2   = -2.841e-11 / 5 2.64115e-11
B_2_0   = -3.92557e-07 / 5 9.86405e-08
B_2_1   = 3.1534e-10 / 5 1.43234e-11
B_3_0   = -2.05398e-10 / 5 8.96027e-11
END     
CHIP    = 4 
CRPIX1  = 2125.92 / 5 0
CRPIX2  = -75.1351 / 5 0
CD1_1   = 4.41312e-05 / 5 8.40985e-09
CD1_2   = 1.9847e-07 / 5 9.4351e-09
CD2_1   = 1.97473e-07 / 5 7.99597e-09
CD2_2   = -4.42003e-05 / 5 6.80794e-09
A_ORDER = 3  
A_0_2   = 2.56346e-07 / 5 2.7429e-08
A_0_3   = -7.69894e-11 / 5 1.99101e-11
A_1_1   = -6.31577e-08 / 5 4.516e-08
A_1_2   = 3.52947e-10 / 5 2.56487e-11
A_2_0   = 1.94021e-07 / 5 8.05444e-08
A_2_1   = -4.67501e-12 / 5 1.28537e-11
A_3_0   = 3.9995e-10 / 5 2.8728e-11
B_ORDER = 3  
B_0_2   = 4.95595e-07 / 5 6.04082e-08
B_0_3   = 2.44058e-10 / 5 1.70405e-11
B_1_1   = 7.04289e-08 / 5 3.61904e-08
B_1_2   = 3.08232e-11 / 5 2.64181e-11
B_2_0   = -4.20988e-07 / 5 9.86343e-08
B_2_1   = 3.83097e-10 / 5 1.43129e-11
B_3_0   = -2.06498e-10 / 5 8.96127e-11
END     
