CHIP    = 1 
CRPIX1  = -74.128 / 5 0
CRPIX2  = -71.964 / 5 0
CD1_1   = 4.41428e-05 / 5 9.85544e-09
CD1_2   = 5.14697e-07 / 5 7.14492e-09
CD2_1   = 5.11217e-07 / 5 6.84253e-09
CD2_2   = -4.41907e-05 / 5 8.58939e-09
A_ORDER = 3  
A_0_2   = 2.29436e-07 / 5 3.70267e-08
A_0_3   = -7.82889e-11 / 5 2.68196e-11
A_1_1   = 1.85216e-07 / 5 5.56439e-08
A_1_2   = 3.0854e-10 / 5 1.50979e-11
A_2_0   = 3.62335e-07 / 5 7.14777e-08
A_2_1   = 1.41686e-11 / 5 1.26877e-11
A_3_0   = 2.29529e-10 / 5 3.27295e-11
B_ORDER = 3  
B_0_2   = 3.78019e-07 / 5 3.53473e-08
B_0_3   = 3.28297e-10 / 5 2.55557e-11
B_1_1   = 1.11058e-07 / 5 5.71823e-08
B_1_2   = -3.79242e-11 / 5 1.48632e-11
B_2_0   = -3.36597e-07 / 5 1.01416e-07
B_2_1   = 3.68849e-10 / 5 1.01418e-11
B_3_0   = 8.84729e-11 / 5 9.6849e-11
END     
CHIP    = 2 
CRPIX1  = -72.7441 / 5 0
CRPIX2  = 2123.67 / 5 0
CD1_1   = 4.41565e-05 / 5 9.85544e-09
CD1_2   = 3.15822e-07 / 5 7.15088e-09
CD2_1   = 3.01487e-07 / 5 6.84197e-09
CD2_2   = -4.42047e-05 / 5 8.59991e-09
A_ORDER = 3  
A_0_2   = 8.98236e-08 / 5 3.69145e-08
A_0_3   = 4.71537e-11 / 5 2.69081e-11
A_1_1   = 3.56452e-07 / 5 5.54996e-08
A_1_2   = 2.94808e-10 / 5 1.50097e-11
A_2_0   = 1.12635e-07 / 5 7.16477e-08
A_2_1   = 1.91719e-11 / 5 1.28066e-11
A_3_0   = 2.78848e-10 / 5 3.22693e-11
B_ORDER = 3  
B_0_2   = 4.83312e-07 / 5 3.55167e-08
B_0_3   = 3.66378e-10 / 5 2.54464e-11
B_1_1   = 2.89597e-09 / 5 5.73671e-08
B_1_2   = 5.88114e-11 / 5 1.48044e-11
B_2_0   = -4.23395e-07 / 5 1.01265e-07
B_2_1   = 3.3495e-10 / 5 1.02285e-11
B_3_0   = 1.35179e-10 / 5 9.70024e-11
END     
CHIP    = 3 
CRPIX1  = 2115.9 / 5 0
CRPIX2  = 2123.45 / 5 0
CD1_1   = 4.41524e-05 / 5 9.8144e-09
CD1_2   = 2.04228e-07 / 5 7.15423e-09
CD2_1   = 2.03031e-07 / 5 6.84042e-09
CD2_2   = -4.42053e-05 / 5 8.57088e-09
A_ORDER = 3  
A_0_2   = 2.33316e-08 / 5 3.69008e-08
A_0_3   = 2.8809e-11 / 5 2.69769e-11
A_1_1   = 1.38329e-08 / 5 5.54223e-08
A_1_2   = 2.10548e-10 / 5 1.49416e-11
A_2_0   = 8.88963e-08 / 5 7.17123e-08
A_2_1   = -5.63826e-11 / 5 1.28917e-11
A_3_0   = 3.44881e-10 / 5 3.20529e-11
B_ORDER = 3  
B_0_2   = 2.94955e-07 / 5 3.56079e-08
B_0_3   = 2.98117e-10 / 5 2.54219e-11
B_1_1   = 2.49163e-07 / 5 5.75206e-08
B_1_2   = 3.48519e-11 / 5 1.47663e-11
B_2_0   = -3.91649e-07 / 5 1.01138e-07
B_2_1   = 3.87347e-10 / 5 1.02343e-11
B_3_0   = -2.13046e-10 / 5 9.69705e-11
END     
CHIP    = 4 
CRPIX1  = 2125.85 / 5 0
CRPIX2  = -75.2029 / 5 0
CD1_1   = 4.41317e-05 / 5 9.84756e-09
CD1_2   = 2.051e-07 / 5 7.15252e-09
CD2_1   = 2.00248e-07 / 5 6.84253e-09
CD2_2   = -4.42032e-05 / 5 8.56542e-09
A_ORDER = 3  
A_0_2   = 1.32447e-07 / 5 3.6908e-08
A_0_3   = -4.13728e-11 / 5 2.69896e-11
A_1_1   = -6.13574e-09 / 5 5.5396e-08
A_1_2   = 3.27762e-10 / 5 1.4909e-11
A_2_0   = 2.02734e-07 / 5 7.17223e-08
A_2_1   = 8.17121e-12 / 5 1.29886e-11
A_3_0   = 3.97773e-10 / 5 3.20541e-11
B_ORDER = 3  
B_0_2   = 5.18867e-07 / 5 3.56176e-08
B_0_3   = 2.68089e-10 / 5 2.54258e-11
B_1_1   = -7.69555e-08 / 5 5.75706e-08
B_1_2   = 9.9938e-11 / 5 1.47085e-11
B_2_0   = -3.59356e-07 / 5 1.01144e-07
B_2_1   = 3.56607e-10 / 5 1.03223e-11
B_3_0   = -1.84628e-10 / 5 9.69907e-11
END     
