CHIP    = 1 
CRPIX1  = -74.2252 / 5 0
CRPIX2  = -71.1126 / 5 0
CD1_1   = 4.4223e-05 / 5 8.84769e-09
CD1_2   = 5.21217e-07 / 5 1.05081e-08
CD2_1   = 4.95765e-07 / 5 7.46382e-09
CD2_2   = -4.42435e-05 / 5 7.506e-09
A_ORDER = 3  
A_0_2   = -1.38171e-09 / 5 3.66184e-08
A_0_3   = -1.53195e-11 / 5 1.9646e-11
A_1_1   = 2.51048e-07 / 5 5.40124e-08
A_1_2   = 4.26284e-10 / 5 1.73062e-11
A_2_0   = 1.04885e-07 / 5 7.78203e-08
A_2_1   = -7.10218e-12 / 5 4.77846e-12
A_3_0   = 3.79471e-10 / 5 2.5845e-11
B_ORDER = 3  
B_0_2   = 1.01823e-07 / 5 4.95807e-08
B_0_3   = 5.00324e-10 / 5 2.03783e-11
B_1_1   = -1.04195e-07 / 5 7.10429e-08
B_1_2   = 5.8527e-11 / 5 2.75339e-11
B_2_0   = -3.48318e-07 / 5 1.18646e-07
B_2_1   = 4.2478e-10 / 5 1.36535e-11
B_3_0   = 1.23862e-10 / 5 8.27732e-11
END     
CHIP    = 2 
CRPIX1  = -72.7703 / 5 0
CRPIX2  = 2123.85 / 5 0
CD1_1   = 4.41987e-05 / 5 8.85293e-09
CD1_2   = 3.12172e-07 / 5 1.05116e-08
CD2_1   = 2.96061e-07 / 5 7.45822e-09
CD2_2   = -4.42561e-05 / 5 7.48663e-09
A_ORDER = 3  
A_0_2   = 7.29709e-08 / 5 3.66551e-08
A_0_3   = 6.02999e-11 / 5 1.96437e-11
A_1_1   = 4.79088e-07 / 5 5.38725e-08
A_1_2   = 4.23651e-10 / 5 1.73692e-11
A_2_0   = 3.03773e-08 / 5 7.81818e-08
A_2_1   = 2.72606e-11 / 5 4.75351e-12
A_3_0   = 3.74378e-10 / 5 2.54865e-11
B_ORDER = 3  
B_0_2   = 3.61821e-07 / 5 4.95152e-08
B_0_3   = 4.09027e-10 / 5 2.03882e-11
B_1_1   = -7.89351e-08 / 5 7.09825e-08
B_1_2   = 8.4162e-11 / 5 2.74806e-11
B_2_0   = -3.04029e-07 / 5 1.18461e-07
B_2_1   = 4.90284e-10 / 5 1.36142e-11
B_3_0   = 1.18712e-10 / 5 8.28646e-11
END     
CHIP    = 3 
CRPIX1  = 2115.62 / 5 0
CRPIX2  = 2123.6 / 5 0
CD1_1   = 4.41965e-05 / 5 8.88221e-09
CD1_2   = 1.9773e-07 / 5 1.05127e-08
CD2_1   = 1.76612e-07 / 5 7.4549e-09
CD2_2   = -4.42661e-05 / 5 7.50749e-09
A_ORDER = 3  
A_0_2   = 1.90104e-07 / 5 3.67088e-08
A_0_3   = 7.1441e-11 / 5 1.96277e-11
A_1_1   = 4.72031e-07 / 5 5.37121e-08
A_1_2   = 3.8001e-10 / 5 1.7392e-11
A_2_0   = 1.91452e-07 / 5 7.83039e-08
A_2_1   = 7.28911e-11 / 5 4.73907e-12
A_3_0   = 4.33072e-10 / 5 2.52994e-11
B_ORDER = 3  
B_0_2   = 7.81022e-08 / 5 4.94664e-08
B_0_3   = 3.14354e-10 / 5 2.03791e-11
B_1_1   = -7.49042e-09 / 5 7.09151e-08
B_1_2   = -2.54126e-11 / 5 2.74082e-11
B_2_0   = -1.99547e-07 / 5 1.18296e-07
B_2_1   = 4.20316e-10 / 5 1.34888e-11
B_3_0   = -1.57757e-10 / 5 8.28388e-11
END     
CHIP    = 4 
CRPIX1  = 2125.65 / 5 0
CRPIX2  = -75.3601 / 5 0
CD1_1   = 4.42003e-05 / 5 8.84421e-09
CD1_2   = 1.961e-07 / 5 1.05041e-08
CD2_1   = 1.97865e-07 / 5 7.45466e-09
CD2_2   = -4.42501e-05 / 5 7.47353e-09
A_ORDER = 3  
A_0_2   = 2.71874e-07 / 5 3.66216e-08
A_0_3   = -9.32929e-11 / 5 1.959e-11
A_1_1   = -9.51407e-08 / 5 5.36099e-08
A_1_2   = 4.64346e-10 / 5 1.72923e-11
A_2_0   = 1.68589e-07 / 5 7.83118e-08
A_2_1   = -2.91203e-11 / 5 4.73334e-12
A_3_0   = 4.83092e-10 / 5 2.52949e-11
B_ORDER = 3  
B_0_2   = 6.13666e-07 / 5 4.94283e-08
B_0_3   = 3.03e-10 / 5 2.03668e-11
B_1_1   = 7.1654e-09 / 5 7.09134e-08
B_1_2   = -1.04552e-11 / 5 2.7444e-11
B_2_0   = -4.09148e-07 / 5 1.18461e-07
B_2_1   = 4.55195e-10 / 5 1.34797e-11
B_3_0   = -2.13511e-10 / 5 8.28635e-11
END     
