CHIP    = 1 
CRPIX1  = -75.4876 / 18 0
CRPIX2  = -74.6155 / 18 1.65181e-06
CD1_1   = 4.44922e-05 / 18 6.68562e-09
CD1_2   = 3.42138e-07 / 18 2.18731e-08
CD2_1   = 3.43812e-07 / 18 1.36753e-08
CD2_2   = -4.43182e-05 / 18 1.35513e-08
A_ORDER = 3  
A_0_2   = 7.20751e-08 / 18 2.76036e-08
A_0_3   = 4.89475e-11 / 18 1.14825e-11
A_1_1   = 2.75231e-07 / 18 2.72496e-08
A_1_2   = 5.32806e-10 / 18 4.99739e-12
A_2_0   = 5.80017e-08 / 18 1.32042e-08
A_2_1   = -6.76808e-12 / 18 3.69528e-11
A_3_0   = 5.88306e-10 / 18 2.4498e-11
B_ORDER = 3  
B_0_2   = 2.55721e-07 / 18 3.53612e-08
B_0_3   = 5.48713e-10 / 18 2.08448e-11
B_1_1   = -1.8977e-07 / 18 4.51622e-08
B_1_2   = 1.33661e-10 / 18 3.64978e-11
B_2_0   = -4.4377e-08 / 18 1.11323e-08
B_2_1   = 6.31337e-10 / 18 5.83526e-12
B_3_0   = 1.13116e-11 / 18 8.6207e-12
END     
CHIP    = 2 
CRPIX1  = -71.3858 / 18 9.53674e-07
CRPIX2  = 2127.1 / 18 3.05176e-05
CD1_1   = 4.4499e-05 / 18 6.71981e-09
CD1_2   = 1.3113e-07 / 18 2.18899e-08
CD2_1   = 1.56154e-07 / 18 1.36906e-08
CD2_2   = -4.43338e-05 / 18 1.35078e-08
A_ORDER = 3  
A_0_2   = -1.12821e-07 / 18 2.75612e-08
A_0_3   = 4.30973e-11 / 18 1.13875e-11
A_1_1   = 8.04394e-07 / 18 2.75908e-08
A_1_2   = 6.15313e-10 / 18 5.04235e-12
A_2_0   = -1.56864e-07 / 18 1.3297e-08
A_2_1   = -7.62401e-11 / 18 3.69655e-11
A_3_0   = 6.31116e-10 / 18 2.44191e-11
B_ORDER = 3  
B_0_2   = 6.64999e-07 / 18 3.54079e-08
B_0_3   = 6.10188e-10 / 18 2.07865e-11
B_1_1   = -1.86659e-07 / 18 4.4806e-08
B_1_2   = -2.08357e-11 / 18 3.65076e-11
B_2_0   = 1.18093e-07 / 18 1.11773e-08
B_2_1   = 5.70166e-10 / 18 6.0214e-12
B_3_0   = -5.80134e-12 / 18 8.70294e-12
END     
CHIP    = 3 
CRPIX1  = 2117.06 / 18 nan
CRPIX2  = 2126.78 / 18 6.10352e-05
CD1_1   = 4.44953e-05 / 18 6.73231e-09
CD1_2   = 2.95269e-08 / 18 2.18934e-08
CD2_1   = 3.02127e-08 / 18 1.36955e-08
CD2_2   = -4.43275e-05 / 18 1.34531e-08
A_ORDER = 3  
A_0_2   = 2.02843e-07 / 18 2.75141e-08
A_0_3   = 1.2038e-10 / 18 1.13664e-11
A_1_1   = 6.65726e-07 / 18 2.76705e-08
A_1_2   = 5.69613e-10 / 18 5.09687e-12
A_2_0   = 2.59769e-07 / 18 1.33401e-08
A_2_1   = 6.55632e-11 / 18 3.71029e-11
A_3_0   = 5.3434e-10 / 18 2.43323e-11
B_ORDER = 3  
B_0_2   = 4.33518e-07 / 18 3.56406e-08
B_0_3   = 5.47563e-10 / 18 2.081e-11
B_1_1   = 1.61012e-07 / 18 4.45457e-08
B_1_2   = -4.20583e-11 / 18 3.65464e-11
B_2_0   = 1.98217e-07 / 18 1.11123e-08
B_2_1   = 5.45302e-10 / 18 6.20869e-12
B_3_0   = 3.32798e-11 / 18 8.77561e-12
END     
CHIP    = 4 
CRPIX1  = 2124.4 / 18 nan
CRPIX2  = -78.5625 / 18 0
CD1_1   = 4.44908e-05 / 18 6.7528e-09
CD1_2   = 2.31185e-08 / 18 2.1881e-08
CD2_1   = 4.62849e-08 / 18 1.37062e-08
CD2_2   = -4.43171e-05 / 18 1.34698e-08
A_ORDER = 3  
A_0_2   = 1.87943e-07 / 18 2.75036e-08
A_0_3   = 3.09339e-11 / 18 1.13167e-11
A_1_1   = 1.1393e-07 / 18 2.76413e-08
A_1_2   = 5.40521e-10 / 18 5.10034e-12
A_2_0   = 2.61068e-07 / 18 1.3245e-08
A_2_1   = -4.93239e-11 / 18 3.71595e-11
A_3_0   = 5.66045e-10 / 18 2.43421e-11
B_ORDER = 3  
B_0_2   = 2.5386e-07 / 18 3.57075e-08
B_0_3   = 5.22753e-10 / 18 2.07647e-11
B_1_1   = 2.98584e-07 / 18 4.46914e-08
B_1_2   = -5.12475e-12 / 18 3.66532e-11
B_2_0   = -4.73586e-08 / 18 1.12398e-08
B_2_1   = 6.3334e-10 / 18 6.20128e-12
B_3_0   = -1.42886e-11 / 18 8.78816e-12
END     
