CHIP    = 1 
CRPIX1  = -74.2167 / 5 0
CRPIX2  = -71.1676 / 5 0
CD1_1   = 4.41935e-05 / 5 1.03571e-08
CD1_2   = 5.32715e-07 / 5 1.16477e-08
CD2_1   = 5.00364e-07 / 5 9.72928e-09
CD2_2   = -4.42578e-05 / 5 9.40349e-09
A_ORDER = 3  
A_0_2   = 7.43918e-08 / 5 3.11041e-08
A_0_3   = -4.56252e-11 / 5 3.24855e-11
A_1_1   = 1.18218e-08 / 5 6.27885e-08
A_1_2   = 4.32322e-10 / 5 1.65097e-11
A_2_0   = 2.05068e-07 / 5 7.07044e-08
A_2_1   = 9.08059e-11 / 5 9.28343e-12
A_3_0   = 2.99671e-10 / 5 3.1619e-11
B_ORDER = 3  
B_0_2   = 5.78023e-07 / 5 4.98473e-08
B_0_3   = 3.41251e-10 / 5 4.45531e-11
B_1_1   = -2.52248e-07 / 5 2.89003e-08
B_1_2   = 6.05613e-11 / 5 2.14934e-11
B_2_0   = -5.92865e-07 / 5 1.1765e-07
B_2_1   = 5.24763e-10 / 5 1.64274e-11
B_3_0   = 1.64005e-10 / 5 8.93806e-11
END     
CHIP    = 2 
CRPIX1  = -72.7933 / 5 0
CRPIX2  = 2123.65 / 5 0
CD1_1   = 4.42145e-05 / 5 1.03862e-08
CD1_2   = 3.05932e-07 / 5 1.16583e-08
CD2_1   = 2.95965e-07 / 5 9.73143e-09
CD2_2   = -4.4259e-05 / 5 9.35893e-09
A_ORDER = 3  
A_0_2   = -5.85956e-08 / 5 3.13028e-08
A_0_3   = 1.42219e-11 / 5 3.26858e-11
A_1_1   = 4.79609e-07 / 5 6.27967e-08
A_1_2   = 4.1564e-10 / 5 1.66104e-11
A_2_0   = 4.82794e-08 / 5 7.06221e-08
A_2_1   = 2.22481e-11 / 5 9.44391e-12
A_3_0   = 3.42293e-10 / 5 3.11543e-11
B_ORDER = 3  
B_0_2   = 5.1329e-07 / 5 4.98162e-08
B_0_3   = 4.20414e-10 / 5 4.44091e-11
B_1_1   = -2.05102e-07 / 5 2.91035e-08
B_1_2   = 5.70533e-12 / 5 2.13973e-11
B_2_0   = -3.2145e-07 / 5 1.1768e-07
B_2_1   = 4.58446e-10 / 5 1.61768e-11
B_3_0   = 1.29059e-10 / 5 8.95912e-11
END     
CHIP    = 3 
CRPIX1  = 2115.61 / 5 0
CRPIX2  = 2123.35 / 5 0
CD1_1   = 4.42125e-05 / 5 1.03648e-08
CD1_2   = 2.03307e-07 / 5 1.16611e-08
CD2_1   = 1.7901e-07 / 5 9.72792e-09
CD2_2   = -4.42692e-05 / 5 9.35893e-09
A_ORDER = 3  
A_0_2   = 1.76058e-07 / 5 3.1309e-08
A_0_3   = 6.87088e-11 / 5 3.2758e-11
A_1_1   = 4.0894e-07 / 5 6.27607e-08
A_1_2   = 3.90407e-10 / 5 1.66528e-11
A_2_0   = 2.12555e-07 / 5 7.05156e-08
A_2_1   = 3.05709e-11 / 5 9.56705e-12
A_3_0   = 4.60849e-10 / 5 3.09545e-11
B_ORDER = 3  
B_0_2   = 3.6627e-07 / 5 4.98485e-08
B_0_3   = 3.77353e-10 / 5 4.43268e-11
B_1_1   = 1.68246e-07 / 5 2.92379e-08
B_1_2   = -1.82605e-11 / 5 2.13458e-11
B_2_0   = -2.90966e-07 / 5 1.17605e-07
B_2_1   = 5.05062e-10 / 5 1.60297e-11
B_3_0   = -2.07657e-10 / 5 8.94338e-11
END     
CHIP    = 4 
CRPIX1  = 2125.74 / 5 0
CRPIX2  = -75.1762 / 5 0
CD1_1   = 4.41891e-05 / 5 1.03579e-08
CD1_2   = 1.96642e-07 / 5 1.16597e-08
CD2_1   = 1.85514e-07 / 5 9.73877e-09
CD2_2   = -4.42524e-05 / 5 9.34773e-09
A_ORDER = 3  
A_0_2   = 8.81477e-08 / 5 3.13197e-08
A_0_3   = -4.66829e-11 / 5 3.28015e-11
A_1_1   = 2.32322e-07 / 5 6.28694e-08
A_1_2   = 3.99662e-10 / 5 1.67149e-11
A_2_0   = 4.7024e-08 / 5 7.05531e-08
A_2_1   = 6.73107e-11 / 5 9.66753e-12
A_3_0   = 4.66277e-10 / 5 3.09503e-11
B_ORDER = 3  
B_0_2   = 4.82445e-07 / 5 4.98601e-08
B_0_3   = 3.49037e-10 / 5 4.43433e-11
B_1_1   = -6.59365e-08 / 5 2.91712e-08
B_1_2   = 3.91524e-11 / 5 2.13451e-11
B_2_0   = -4.31749e-07 / 5 1.17677e-07
B_2_1   = 4.41193e-10 / 5 1.58818e-11
B_3_0   = -2.17101e-10 / 5 8.94716e-11
END     
