CHIP    = 1 
CRPIX1  = -74.0957 / 5 0
CRPIX2  = -71.9419 / 5 0
CD1_1   = 4.4123e-05 / 5 8.01424e-09
CD1_2   = 5.17135e-07 / 5 8.43237e-09
CD2_1   = 5.17918e-07 / 5 1.02861e-08
CD2_2   = -4.41815e-05 / 5 1.06718e-08
A_ORDER = 3  
A_0_2   = 2.22398e-07 / 5 3.26129e-08
A_0_3   = -6.13774e-11 / 5 2.63476e-11
A_1_1   = 3.38499e-07 / 5 4.60862e-08
A_1_2   = 2.90801e-10 / 5 1.25479e-11
A_2_0   = 3.37637e-07 / 5 7.89843e-08
A_2_1   = -3.56509e-11 / 5 5.33724e-12
A_3_0   = 2.47355e-10 / 5 2.97223e-11
B_ORDER = 3  
B_0_2   = 5.54923e-07 / 5 3.61699e-08
B_0_3   = 2.40717e-10 / 5 3.60303e-11
B_1_1   = 2.3084e-07 / 5 4.36333e-08
B_1_2   = -1.35672e-11 / 5 2.68199e-11
B_2_0   = -2.26851e-07 / 5 1.25613e-07
B_2_1   = 3.15597e-10 / 5 6.50748e-12
B_3_0   = 7.06425e-11 / 5 8.51352e-11
END     
CHIP    = 2 
CRPIX1  = -72.6537 / 5 0
CRPIX2  = 2123.62 / 5 0
CD1_1   = 4.41471e-05 / 5 8.01424e-09
CD1_2   = 3.08397e-07 / 5 8.43282e-09
CD2_1   = 2.99873e-07 / 5 1.02943e-08
CD2_2   = -4.41868e-05 / 5 1.06828e-08
A_ORDER = 3  
A_0_2   = 9.26318e-08 / 5 3.26477e-08
A_0_3   = 5.05206e-11 / 5 2.64467e-11
A_1_1   = 3.54129e-07 / 5 4.59631e-08
A_1_2   = 3.02549e-10 / 5 1.25294e-11
A_2_0   = 3.42928e-07 / 5 7.91048e-08
A_2_1   = 3.37044e-11 / 5 5.2833e-12
A_3_0   = 2.03912e-10 / 5 2.93486e-11
B_ORDER = 3  
B_0_2   = 5.565e-07 / 5 3.61602e-08
B_0_3   = 3.72369e-10 / 5 3.59042e-11
B_1_1   = -7.05994e-08 / 5 4.36093e-08
B_1_2   = 5.14463e-11 / 5 2.67998e-11
B_2_0   = -2.29023e-07 / 5 1.25569e-07
B_2_1   = 3.66655e-10 / 5 6.71232e-12
B_3_0   = 8.79467e-11 / 5 8.53021e-11
END     
CHIP    = 3 
CRPIX1  = 2116.14 / 5 0
CRPIX2  = 2123.44 / 5 0
CD1_1   = 4.41524e-05 / 5 8.03453e-09
CD1_2   = 1.99573e-07 / 5 8.43396e-09
CD2_1   = 1.85237e-07 / 5 1.0296e-08
CD2_2   = -4.42014e-05 / 5 1.06446e-08
A_ORDER = 3  
A_0_2   = 1.26468e-07 / 5 3.26691e-08
A_0_3   = 4.98876e-11 / 5 2.65147e-11
A_1_1   = 1.35124e-07 / 5 4.60332e-08
A_1_2   = 2.52852e-10 / 5 1.24955e-11
A_2_0   = 1.16873e-07 / 5 7.91208e-08
A_2_1   = -3.97841e-11 / 5 5.26378e-12
A_3_0   = 3.33899e-10 / 5 2.91646e-11
B_ORDER = 3  
B_0_2   = 6.79926e-07 / 5 3.61416e-08
B_0_3   = 3.94764e-10 / 5 3.58368e-11
B_1_1   = 4.49252e-07 / 5 4.36105e-08
B_1_2   = 1.02776e-10 / 5 2.67723e-11
B_2_0   = -4.04787e-07 / 5 1.25436e-07
B_2_1   = 4.01871e-10 / 5 6.87354e-12
B_3_0   = -2.37316e-10 / 5 8.52011e-11
END     
CHIP    = 4 
CRPIX1  = 2125.89 / 5 0
CRPIX2  = -75.1507 / 5 0
CD1_1   = 4.41365e-05 / 5 8.03453e-09
CD1_2   = 2.11458e-07 / 5 8.43411e-09
CD2_1   = 1.99186e-07 / 5 1.03022e-08
CD2_2   = -4.41932e-05 / 5 1.06644e-08
A_ORDER = 3  
A_0_2   = 1.56618e-07 / 5 3.27501e-08
A_0_3   = -6.27986e-11 / 5 2.65259e-11
A_1_1   = 8.03388e-08 / 5 4.6037e-08
A_1_2   = 3.01556e-10 / 5 1.24599e-11
A_2_0   = 2.43423e-07 / 5 7.91202e-08
A_2_1   = 2.72132e-11 / 5 5.22073e-12
A_3_0   = 4.03694e-10 / 5 2.91901e-11
B_ORDER = 3  
B_0_2   = 3.29503e-07 / 5 3.62294e-08
B_0_3   = 2.66573e-10 / 5 3.58814e-11
B_1_1   = -8.2922e-11 / 5 4.34559e-08
B_1_2   = 1.5249e-11 / 5 2.67628e-11
B_2_0   = -3.13313e-07 / 5 1.25502e-07
B_2_1   = 3.40125e-10 / 5 7.0106e-12
B_3_0   = -1.83322e-10 / 5 8.52561e-11
END     
